0.jpg	118	120	261	263	350	478
364.jpg	128	63	244	179	350	524
3.jpg	121	46	185	110	300	180
4.jpg	77	33	130	86	180	180
5.jpg	131	40	197	106	281	211
164.jpg	77	104	300	327	350	350
356.jpg	42	45	99	102	150	150
9.jpg	63	14	105	56	166	166
10.jpg	120	20	179	79	281	211
11.jpg	97	87	193	183	291	400
12.jpg	89	31	186	128	257	257
13.jpg	23	13	52	42	102	150
293.jpg	76	39	175	138	265	203
395.jpg	63	28	129	94	320	240
16.jpg	115	35	172	92	295	300
18.jpg	31	34	78	81	100	154
19.jpg	75	34	118	77	200	300
374.jpg	113	4	193	84	300	300
22.jpg	33	16	103	86	150	110
23.jpg	105	62	165	122	342	345
408.jpg	32	208	291	467	350	499
227.jpg	15	40	110	135	250	250
27.jpg	139	91	284	236	321	383
28.jpg	190	66	299	175	350	350
29.jpg	52	41	79	68	150	187
30.jpg	134	44	222	132	350	456
31.jpg	53	35	108	90	130	180
32.jpg	201	98	335	232	350	262
33.jpg	19	16	53	50	100	100
34.jpg	72	32	146	106	250	186
39.jpg	64	162	225	323	350	429
41.jpg	101	110	164	173	283	425
418.jpg	188	109	322	243	350	466
517.jpg	67	35	272	240	350	396
44.jpg	69	26	121	78	192	144
45.jpg	73	20	101	48	150	120
46.jpg	79	93	219	233	240	320
508.jpg	157	56	245	144	350	232
48.jpg	85	47	139	101	220	153
49.jpg	22	18	50	46	100	100
546.jpg	41	27	130	116	184	215
51.jpg	78	18	132	72	198	148
52.jpg	117	12	148	43	186	140
56.jpg	66	62	190	186	280	390
57.jpg	31	2	125	96	181	106
58.jpg	73	45	127	99	250	200
60.jpg	117	83	214	180	350	241
61.jpg	161	46	229	114	348	500
62.jpg	38	33	115	110	160	140
63.jpg	54	23	116	85	281	211
64.jpg	86	33	124	71	350	350
708.jpg	198	39	289	130	350	446
595.jpg	131	19	212	100	350	519
193.jpg	36	77	166	207	250	250
71.jpg	51	87	133	169	200	300
592.jpg	163	86	219	142	350	437
696.jpg	130	74	203	147	350	508
786.jpg	100	60	182	142	350	498
76.jpg	31	49	65	83	200	200
77.jpg	95	91	207	203	305	375
78.jpg	23	105	98	180	350	240
79.jpg	124	130	280	286	350	512
80.jpg	126	26	170	70	200	197
82.jpg	38	23	67	52	103	160
83.jpg	113	61	173	121	286	396
84.jpg	65	63	132	130	298	239
85.jpg	111	44	184	117	333	500
88.jpg	55	15	84	44	155	200
89.jpg	103	77	219	193	350	302
90.jpg	98	60	160	122	294	410
321.jpg	160	43	210	93	350	350
92.jpg	25	59	79	113	179	161
95.jpg	144	34	185	75	350	350
96.jpg	120	45	183	108	244	348
97.jpg	109	62	156	109	250	167
98.jpg	55	42	109	96	178	240
99.jpg	94	55	198	159	320	370
100.jpg	144	60	220	136	350	350
101.jpg	123	90	193	160	300	450
650.jpg	107	47	173	113	350	232
105.jpg	48	35	119	106	180	180
106.jpg	194	47	225	78	300	200
107.jpg	55	30	134	109	350	276
108.jpg	82	76	168	162	350	335
573.jpg	143	59	205	121	350	287
110.jpg	89	32	142	85	250	200
111.jpg	102	110	255	263	346	476
112.jpg	295	125	342	172	350	351
113.jpg	79	28	110	59	200	150
116.jpg	42	40	76	74	130	130
539.jpg	97	57	169	129	281	211
118.jpg	89	27	117	55	200	160
490.jpg	83	61	176	154	257	365
121.jpg	132	48	163	79	304	301
124.jpg	65	140	256	331	330	460
788.jpg	74	14	126	66	200	250
237.jpg	41	197	308	464	350	495
128.jpg	82	60	151	129	330	352
129.jpg	40	59	68	87	175	149
130.jpg	161	108	240	187	350	448
260.jpg	125	39	265	179	350	262
175.jpg	39	36	98	95	350	350
134.jpg	66	39	98	71	200	201
136.jpg	73	97	213	237	350	350
138.jpg	43	40	73	70	350	306
139.jpg	30	26	82	78	126	117
140.jpg	59	58	176	175	200	288
141.jpg	57	21	84	48	200	200
352.jpg	136	43	201	108	350	233
145.jpg	148	11	204	67	300	300
148.jpg	23	59	103	139	135	189
454.jpg	158	48	245	135	336	480
470.jpg	103	131	217	245	333	500
308.jpg	253	50	318	115	350	327
154.jpg	64	59	133	128	200	225
155.jpg	23	35	75	87	150	104
156.jpg	70	72	142	144	150	223
157.jpg	213	53	287	127	350	262
406.jpg	90	35	160	105	300	385
161.jpg	140	61	184	105	310	400
162.jpg	33	14	131	112	281	211
412.jpg	60	43	94	77	160	120
167.jpg	123	79	218	174	350	337
423.jpg	103	65	172	134	230	320
170.jpg	71	34	111	74	350	249
171.jpg	45	48	96	99	130	200
578.jpg	165	88	218	141	350	437
176.jpg	186	43	231	88	350	210
177.jpg	33	79	93	139	224	280
178.jpg	93	82	166	155	283	425
181.jpg	38	80	92	134	232	288
182.jpg	85	126	228	269	350	350
185.jpg	54	26	95	67	147	204
188.jpg	104	38	138	72	300	225
191.jpg	92	50	148	106	240	240
192.jpg	49	45	101	97	120	145
195.jpg	45	13	88	56	140	105
196.jpg	77	61	117	101	350	262
644.jpg	51	142	107	198	350	262
199.jpg	180	57	313	190	350	262
200.jpg	57	7	240	190	320	240
201.jpg	218	101	306	189	335	444
204.jpg	91	11	120	40	165	165
205.jpg	164	75	238	149	350	262
358.jpg	54	25	109	80	187	165
207.jpg	47	7	129	89	180	180
208.jpg	104	59	172	127	342	345
209.jpg	143	49	210	116	350	233
210.jpg	39	24	66	51	104	160
211.jpg	44	30	127	113	184	215
507.jpg	114	93	222	201	350	465
214.jpg	49	22	82	55	107	150
215.jpg	26	16	106	96	350	262
270.jpg	64	80	267	283	350	350
218.jpg	57	45	104	92	159	240
221.jpg	95	18	125	48	128	128
222.jpg	55	92	187	224	240	320
223.jpg	135	119	226	210	350	525
224.jpg	115	71	205	161	232	271
225.jpg	110	45	185	120	281	211
226.jpg	84	35	164	115	281	211
228.jpg	47	48	107	108	150	180
231.jpg	87	3	160	76	240	320
812.jpg	39	66	298	325	350	350
235.jpg	38	146	87	195	155	225
236.jpg	60	47	116	103	160	120
238.jpg	38	49	141	152	193	193
240.jpg	67	88	120	141	238	300
243.jpg	78	47	123	92	200	294
244.jpg	80	24	106	50	150	113
245.jpg	63	116	136	189	350	476
398.jpg	44	40	102	98	150	250
251.jpg	27	27	91	91	120	120
252.jpg	38	44	102	108	158	139
253.jpg	192	68	237	113	350	269
254.jpg	25	13	93	81	140	105
255.jpg	71	73	121	123	300	300
256.jpg	53	28	186	161	350	196
257.jpg	113	50	200	137	316	237
304.jpg	171	71	230	130	350	237
262.jpg	66	51	166	151	193	193
710.jpg	233	106	326	199	350	461
265.jpg	67	85	178	196	251	400
715.jpg	94	59	186	151	350	262
268.jpg	121	23	205	107	300	263
272.jpg	170	88	241	159	290	450
273.jpg	158	72	232	146	350	390
277.jpg	187	78	249	140	350	247
278.jpg	180	58	230	108	350	306
280.jpg	89	31	133	75	250	350
282.jpg	97	114	223	240	285	285
816.jpg	135	74	200	139	340	244
296.jpg	99	49	179	129	260	195
297.jpg	89	35	125	71	240	320
299.jpg	82	31	126	75	350	350
301.jpg	145	85	206	146	293	400
757.jpg	151	166	224	239	350	462
307.jpg	39	29	75	65	116	170
312.jpg	128	38	186	96	203	152
316.jpg	49	56	225	232	278	360
317.jpg	114	9	155	50	256	256
322.jpg	138	68	203	133	350	462
323.jpg	45	61	118	134	175	221
324.jpg	147	40	184	77	300	300
326.jpg	38	43	82	87	180	120
327.jpg	82	55	140	113	223	287
328.jpg	241	37	313	109	350	217
329.jpg	145	96	227	178	333	500
330.jpg	110	38	178	106	288	384
331.jpg	155	73	213	131	350	411
332.jpg	102	34	163	95	320	288
334.jpg	49	23	79	53	129	175
335.jpg	42	35	188	181	350	276
337.jpg	63	73	121	131	350	262
338.jpg	6	91	79	164	282	400
339.jpg	140	38	201	99	203	152
340.jpg	23	96	129	202	160	250
342.jpg	96	63	188	155	262	270
343.jpg	45	24	84	63	140	110
645.jpg	158	144	223	209	350	350
348.jpg	51	82	95	126	171	240
351.jpg	98	35	185	122	200	150
354.jpg	130	67	236	173	350	523
355.jpg	132	44	169	81	300	216
359.jpg	14	125	149	260	349	464
361.jpg	124	46	173	95	226	300
549.jpg	111	55	222	166	350	253
419.jpg	197	35	265	103	300	300
367.jpg	63	47	194	178	300	225
368.jpg	128	124	257	253	350	443
371.jpg	78	29	108	59	188	250
373.jpg	100	27	161	88	240	240
376.jpg	107	50	179	122	350	204
377.jpg	81	61	144	124	350	399
378.jpg	85	58	134	107	328	257
380.jpg	56	42	87	73	160	200
382.jpg	57	11	100	54	160	160
386.jpg	162	51	232	121	300	364
388.jpg	77	87	168	178	224	280
396.jpg	115	30	180	95	350	233
397.jpg	161	16	215	70	300	300
403.jpg	123	54	201	132	350	242
404.jpg	36	133	83	180	144	204
405.jpg	74	86	154	166	201	300
410.jpg	96	98	193	195	228	344
411.jpg	90	23	128	61	200	200
414.jpg	111	42	177	108	350	465
416.jpg	101	46	217	162	320	320
773.jpg	185	42	233	90	350	210
421.jpg	128	106	208	186	300	390
422.jpg	42	37	71	66	200	200
426.jpg	63	89	137	163	200	200
427.jpg	20	51	55	86	200	150
429.jpg	81	63	141	123	225	329
431.jpg	36	48	130	142	280	280
433.jpg	157	43	186	72	350	232
434.jpg	110	41	149	80	250	166
435.jpg	23	39	49	65	150	150
750.jpg	77	133	182	238	350	466
437.jpg	89	52	166	129	350	262
442.jpg	67	24	106	63	203	152
446.jpg	1	56	63	118	350	350
448.jpg	35	45	108	118	120	132
449.jpg	104	148	236	280	300	449
450.jpg	145	41	292	188	300	225
451.jpg	78	38	134	94	240	180
452.jpg	34	10	76	52	157	250
453.jpg	28	39	96	107	120	120
466.jpg	38	30	111	103	258	163
459.jpg	23	30	59	66	120	183
463.jpg	55	21	85	51	130	200
464.jpg	192	38	238	84	350	151
471.jpg	31	12	59	40	109	140
472.jpg	62	29	90	57	133	100
479.jpg	87	27	114	54	200	198
480.jpg	21	40	70	89	92	139
486.jpg	26	43	82	99	131	165
489.jpg	56	105	141	190	298	253
491.jpg	139	42	184	87	350	233
492.jpg	224	66	265	107	281	211
495.jpg	57	41	132	116	200	200
500.jpg	63	37	132	106	187	249
649.jpg	47	118	111	182	350	262
502.jpg	73	49	152	128	230	300
503.jpg	73	36	134	97	250	200
518.jpg	81	18	150	87	250	250
522.jpg	113	51	184	122	350	301
523.jpg	110	36	158	84	250	250
526.jpg	130	48	216	134	350	355
527.jpg	89	29	141	81	190	144
534.jpg	139	32	201	94	350	525
535.jpg	119	68	150	99	350	260
541.jpg	117	9	164	56	281	211
542.jpg	40	19	75	54	120	119
547.jpg	34	22	93	81	350	262
551.jpg	86	19	114	47	170	139
555.jpg	108	101	201	194	350	483
558.jpg	106	40	167	101	350	296
559.jpg	7	67	63	123	320	344
560.jpg	146	41	186	81	350	262
563.jpg	62	18	89	45	140	105
801.jpg	58	123	200	265	350	350
566.jpg	21	90	91	160	250	312
570.jpg	58	62	98	102	350	262
572.jpg	84	114	217	247	286	400
574.jpg	49	116	183	250	300	451
576.jpg	156	45	196	85	350	262
579.jpg	80	88	161	169	200	299
584.jpg	106	125	238	257	350	527
594.jpg	142	59	270	187	350	345
602.jpg	150	29	191	70	350	346
603.jpg	254	157	319	222	350	262
608.jpg	129	45	167	83	250	186
609.jpg	72	107	198	233	300	406
610.jpg	142	59	189	106	334	350
611.jpg	66	61	104	99	300	299
613.jpg	165	62	227	124	350	443
614.jpg	117	60	156	99	283	213
617.jpg	129	64	203	138	350	280
618.jpg	184	67	229	112	350	261
619.jpg	119	200	211	292	350	530
625.jpg	169	56	223	110	349	458
626.jpg	163	85	225	147	350	437
630.jpg	234	27	283	76	350	262
633.jpg	75	114	237	276	350	449
634.jpg	52	18	208	174	350	228
636.jpg	75	66	121	112	350	262
637.jpg	247	50	293	96	350	262
639.jpg	165	89	221	145	350	437
640.jpg	54	60	122	128	200	150
768.jpg	142	127	267	252	350	561
642.jpg	220	88	267	135	350	262
643.jpg	128	11	171	54	252	252
688.jpg	127	63	217	153	350	346
648.jpg	84	28	155	99	350	262
652.jpg	64	61	100	97	300	299
653.jpg	71	84	223	236	300	300
654.jpg	62	26	99	63	160	158
657.jpg	182	90	246	154	350	445
658.jpg	141	47	192	98	350	350
659.jpg	238	27	271	60	307	207
662.jpg	210	20	273	83	350	272
663.jpg	254	39	328	113	350	262
665.jpg	47	49	103	105	120	150
733.jpg	225	140	303	218	350	350
669.jpg	235	83	311	159	350	295
670.jpg	77	71	142	136	314	400
672.jpg	1	24	28	51	150	150
674.jpg	152	38	256	142	350	235
779.jpg	87	136	233	282	350	487
683.jpg	147	80	221	154	350	495
684.jpg	93	98	252	257	325	500
687.jpg	18	26	140	148	350	262
694.jpg	14	38	49	73	112	140
698.jpg	195	40	242	87	350	280
701.jpg	87	125	224	262	350	481
702.jpg	73	11	99	37	150	113
703.jpg	103	62	166	125	230	375
705.jpg	194	39	248	93	350	262
707.jpg	256	284	313	341	350	467
709.jpg	58	40	94	76	178	136
716.jpg	119	97	200	178	300	401
717.jpg	95	140	285	330	350	535
718.jpg	143	75	188	120	300	375
719.jpg	51	22	93	64	198	198
734.jpg	147	65	225	143	350	411
721.jpg	134	60	193	119	335	475
722.jpg	123	37	149	63	150	112
725.jpg	42	71	126	155	189	300
726.jpg	59	110	124	175	350	462
728.jpg	134	26	173	65	300	225
743.jpg	129	31	218	120	350	350
730.jpg	21	62	86	127	350	262
738.jpg	141	35	222	116	350	371
744.jpg	16	62	116	162	350	262
745.jpg	136	68	226	158	350	494
749.jpg	92	46	161	115	350	356
755.jpg	122	15	220	113	350	519
760.jpg	149	81	201	133	318	400
763.jpg	92	183	246	337	350	523
764.jpg	48	33	88	73	120	170
765.jpg	163	133	299	269	350	481
766.jpg	105	71	134	100	312	467
767.jpg	147	12	201	66	350	348
774.jpg	12	36	143	167	157	222
783.jpg	93	21	121	49	155	100
784.jpg	234	17	277	60	350	262
787.jpg	161	43	211	93	344	344
789.jpg	126	136	306	316	350	452
790.jpg	142	73	218	149	257	400
792.jpg	18	102	96	180	350	280
794.jpg	134	151	246	263	314	460
795.jpg	130	81	225	176	350	467
796.jpg	37	61	75	99	110	161
799.jpg	144	54	208	118	350	466
800.jpg	59	29	212	182	350	262
802.jpg	84	48	149	113	234	360
803.jpg	101	55	213	167	321	400
807.jpg	169	54	233	118	350	350
810.jpg	193	39	244	90	350	280
814.jpg	116	93	196	173	350	485
815.jpg	98	163	231	296	300	456
819.jpg	124	146	247	269	350	539
821.jpg	233	14	276	57	350	262
823.jpg	256	41	327	112	350	262
824.jpg	96	53	155	112	234	320
